[gd_scene load_steps=4 format=3 uid="uid://byppsryomamvd"]

[ext_resource type="Script" uid="uid://ciapan12bjgpv" path="res://player.gd" id="1_f718j"]

[sub_resource type="CapsuleShape3D" id="CapsuleShape3D_irhi4"]

[sub_resource type="BoxMesh" id="BoxMesh_infoe"]

[node name="World3D" type="Node3D"]

[node name="DirectionalLight3D" type="DirectionalLight3D" parent="."]
transform = Transform3D(1, 0, 0, 0, 0.087155804, 0.9961947, 0, -0.9961947, 0.087155804, -0.7364397, 1.643153, -3.6243925)
light_color = Color(0, 0, 0.9640628, 1)

[node name="player" type="CharacterBody3D" parent="."]
transform = Transform3D(1, 0, 0, 0, 1, 0, 0, 0, 1, 0, 0, -1.8220367)
script = ExtResource("1_f718j")

[node name="Camera3D" type="Camera3D" parent="player"]
transform = Transform3D(1, 0, 0, 0, 0.9971074, 0.07600553, 0, -0.07600553, 0.9971074, 0, 0.19092655, 0.39371777)
current = true

[node name="CollisionShape3D" type="CollisionShape3D" parent="player"]
transform = Transform3D(1, 0, 0, 0, 0.98499507, 0.17258242, 0, -0.17258242, 0.98499507, 0, 0, 0)
shape = SubResource("CapsuleShape3D_irhi4")

[node name="MeshInstance3D" type="MeshInstance3D" parent="player"]
mesh = SubResource("BoxMesh_infoe")

[node name="CSGBox3D" type="CSGBox3D" parent="."]
transform = Transform3D(1, 0, 0, 0, 1, 0, 0, 0, 1, 0, -1.3901886, -10.921158)
use_collision = true
size = Vector3(20, 0.5, 20)

[node name="CSGCylinder3D" type="CSGCylinder3D" parent="."]
transform = Transform3D(1, 0, 0, 0, 1, 0, 0, 0, 1, -1.2481003, 0, -3.906224)

[node name="CSGCylinder3D" type="CSGCylinder3D" parent="CSGCylinder3D"]
transform = Transform3D(1, 0, 0, 0, 1, 0, 0, 0, 1, -1.2481003, 0, -3.906224)

[node name="CSGCylinder3D" type="CSGCylinder3D" parent="CSGCylinder3D/CSGCylinder3D"]
transform = Transform3D(1, 0, 0, 0, 1, 0, 0, 0, 1, -1.2481003, 0, -3.906224)

[node name="CSGCylinder3D2" type="CSGCylinder3D" parent="CSGCylinder3D"]
transform = Transform3D(1, 0, 0, 0, 1, 0, 0, 0, 1, 3.315167, 0, -3.906224)

[node name="CSGCylinder3D" type="CSGCylinder3D" parent="CSGCylinder3D/CSGCylinder3D2"]
transform = Transform3D(1, 0, 0, 0, 1, 0, 0, 0, 1, -1.2481003, 0, -3.906224)

[node name="CSGCylinder3D" type="CSGCylinder3D" parent="CSGCylinder3D/CSGCylinder3D2/CSGCylinder3D"]
transform = Transform3D(1, 0, 0, 0, 1, 0, 0, 0, 1, -1.2481003, 0, -3.906224)
